id	type	x	y	z	theta	gyokaku	range	spotAngle	intensity	color
1	spot	-123.71052631578948	103.5	122.2	0	0	200	90	1.7	0.8301395084499483,0.9374107483390761,0.8691666198623136,1
2	spot	0	103.5	245.1	0	0	200	90	1.7	0.8301395084499483,0.9374107483390761,0.8691666198623136,1
3	spot	89.70526315789473	103.5	140.8	0	0	200	90	1.7	0.8301395084499483,0.9374107483390761,0.8691666198623136,1
3	spot	-107.96421052631578	103.5	268.05789473684206	40	270	200	25	2.0	0.8301395084499483,0.9374107483390761,0.8691666198623136,1
4	spot	-51.482105263157905	103.5	268.05789473684206	40	270	200	25	2.0	0.8301395084499483,0.9374107483390761,0.8691666198623136,1
5	spot	4.999999999999972	103.5	268.05789473684206	40	270	200	25	2.0	0.8301395084499483,0.9374107483390761,0.8691666198623136,1
6	spot	61.48210526315788	103.5	268.05789473684206	40	270	200	25	2.0	0.8301395084499483,0.9374107483390761,0.8691666198623136,1
7	spot	96.20526315789473	103.5	166.1052631578947	40	0	200	25	2.0	0.8301395084499483,0.9374107483390761,0.8691666198623136,1
8	spot	-48.10263157894737	103.5	162.79976842105262	60	180	200	40	3.6	0.8301395084499483,0.9374107483390761,0.8691666198623136,1
